-1.931841870447610132e+00 -9.468329292394984664e-01 8.412034495627396247e-01 2.975846664912275563e-01
-1.844874511127648553e+00 -9.737541665502797983e-01 9.792143809236564245e-01 4.276474146418273725e-01
-1.674234399783254723e+00 -9.434624923189113277e-01 1.002820016843768647e+00 5.032991523249933374e-01
6.728009659955512534e-02 2.641114269909787191e-02 -1.403489553698177572e-01 -1.035152791336927669e-01
-8.237616697189303894e-02 -6.051529808516496051e-02 -6.722096716622773249e-02 -7.344230842616666921e-02
-9.525240575411587918e-02 -5.433906447964099995e-02 -1.528925756227043908e-02 -4.792455506139932375e-02
-3.861887623656507992e-03 1.230209751307113908e-02 1.683337282362967063e-02 -1.331458574867751612e-02
3.487219714817618027e-03 1.323218508847971361e-02 1.278689228495751007e-02 -1.316570136033569718e-02
-1.822571853174623918e-02 -2.335027437598468161e-02 2.882267974465245464e-02 1.219498444167568894e-03
1.227678902039332567e-02 -1.751246937016158467e-02 4.352843188674247570e-03 -1.417229411522593231e-03
2.320055164481466675e-02 -9.442491016915318877e-03 -6.789436035567831922e-03 -8.796205353938416419e-03
3.718929323435997414e-02 6.170047616678169151e-03 -2.711546272635208255e-02 -2.030048919216871639e-02
4.555485480571836582e-02 2.771421186075490040e-02 -1.947941624567489649e-02 -1.430608730076685618e-02
2.775775713958306135e-02 1.691702846618518136e-02 -1.340780948255556465e-02 -1.011925234734745160e-02
-4.624883323739733404e-02 -3.905900371279051597e-02 3.155195783789055755e-03 1.347443150708902207e-03
2.111043636832034970e-05 1.757545729808614914e-03 9.932368625192053522e-04 3.306240799346869732e-04
-4.181937179982359726e-02 -3.542657373385151021e-02 2.690867764072623312e-03 1.152442609786003859e-03
-3.470127080776529496e-03 -9.623105849265950820e-04 1.543032459359830726e-03 5.824461747921775038e-04
2.223955114315474303e-03 1.627277709403678269e-03 -9.909658047118474061e-04 -4.590981865449293123e-04
1.118139114877608493e-03 9.630099664002973736e-04 -4.509249725611952147e-04 -2.617136244166413375e-04
9.044889636146549250e-04 1.013709575668381678e-03 2.503175951512030145e-04 9.203883405899733906e-05
1.117780735391842332e-03 9.627686584477569524e-04 -4.504454652598586357e-04 -2.614747229544065561e-04
1.076482096812337360e-03 1.133382850837556279e-03 2.919936098940244923e-05 -1.827407951615250733e-05
1.117624978722702497e-03 9.626637824930513610e-04 -4.502370620602712346e-04 -2.613708916538012221e-04
1.191008134639748479e-03 1.213007562176166183e-03 -1.167455935684472363e-04 -9.105125443299858835e-05
1.117557227454017135e-03 9.626181633576000622e-04 -4.501464100122197151e-04 -2.613257266891220944e-04
9.609065661062525651e-04 8.570811963801656984e-04 -2.397065923727092736e-04 -1.564554263273962157e-04
4.349816188855400124e-04 4.497609285008067346e-04 2.586252707614390516e-04 1.344882727570201667e-04
1.827925280677531882e-04 2.643326899580862588e-04 3.576226269345999772e-04 1.612889966183213080e-04
1.783290916454299870e-05 -3.213942723422107605e-05 1.532591912249817493e-04 1.464377490854838759e-04
-3.825774316903438922e-04 -1.508995392337986381e-04 1.796188683924549909e-04 -4.548695090965079632e-05
-1.392341292140359982e-04 -7.886919829360503986e-05 1.637666949555926967e-04 7.147294396629690300e-05
-2.682697783092037437e-05 -1.485294740403717218e-05 2.542180072483016677e-05 1.099243717956152468e-05
-1.249970694527469219e-07 -4.814591331761541362e-08 7.076088868555926953e-08 2.511375895779868943e-08
