6.900356559642797372e+00
4.483830630667141826e+00
2.631078933891800364e+00
4.019597543747285145e-02
7.341143914159224682e-02
4.258277476651794319e-02
0.000000000000000000e+00
0.000000000000000000e+00
1.166681295729160399e-02
1.546099946609480816e-02
1.448523161387878233e-02
9.080398338001614486e-03
0.000000000000000000e+00
0.000000000000000000e+00
9.670376756502349971e-03
0.000000000000000000e+00
8.379566495139068386e-03
0.000000000000000000e+00
0.000000000000000000e+00
0.000000000000000000e+00
0.000000000000000000e+00
0.000000000000000000e+00
0.000000000000000000e+00
0.000000000000000000e+00
0.000000000000000000e+00
0.000000000000000000e+00
0.000000000000000000e+00
0.000000000000000000e+00
0.000000000000000000e+00
0.000000000000000000e+00
0.000000000000000000e+00
0.000000000000000000e+00
0.000000000000000000e+00
0.000000000000000000e+00
