1.265319112527777179e+01
9.660882362215271968e+00
6.164875676404495408e+00
4.112582536276727097e-01
2.740026084105796067e-01
1.886459504814183563e-01
1.592366170055951324e-01
1.272864748611546859e-01
7.425463923626678120e-02
6.244543452802380629e-02
5.597943160631729809e-02
3.945704139663627763e-02
3.546719272847974336e-02
1.126198096940604458e-02
5.665479603684521167e-04
1.388846035691852256e-02
4.066770708917762643e-04
4.808926271856052252e-03
4.684341000871267320e-03
2.131100121233067438e-05
4.703048828522954708e-03
2.129895685677236604e-05
4.707525294030820255e-03
2.129372455660990488e-05
4.711526747046359404e-03
2.129144904590636158e-05
1.675480204557688426e-05
8.236685640152582668e-06
5.030841449768814620e-06
1.080105249135477758e-06
2.105668735936714041e-06
3.609429634139812678e-07
7.200718112502068722e-09
5.916363325211428401e-14
