1.955354768492057005e+01
1.414471299288241468e+01
8.795954610296295328e+00
4.514542290651455403e-01
3.474140475521718674e-01
2.312287252479363064e-01
1.592366170055951324e-01
1.272864748611546859e-01
8.592145219355838692e-02
7.790643399411861791e-02
7.046466322019608042e-02
4.853743973463789385e-02
3.546719272847974336e-02
1.126198096940604458e-02
1.023692471687080198e-02
1.388846035691852256e-02
8.786243566030844596e-03
4.808926271856052252e-03
4.684341000871267320e-03
2.131100121233067438e-05
4.703048828522954708e-03
2.129895685677236604e-05
4.707525294030820255e-03
2.129372455660990488e-05
4.711526747046359404e-03
2.129144904590636158e-05
1.675480204557688426e-05
8.236685640152582668e-06
5.030841449768814620e-06
1.080105249135477758e-06
2.105668735936714041e-06
3.609429634139812678e-07
7.200718112502068722e-09
5.916363325211428401e-14
