5.608999999999999986e+00 2.051000000000000156e+00 1.741400000000000148e+01 1.079899999999999949e+01
7.540841870447610340e+00 2.997832929239498512e+00 1.657279655043726052e+01 1.050141533350877232e+01
9.385716381575258893e+00 3.971587095789778310e+00 1.559358216951360454e+01 1.007376791886694534e+01
1.676521442608585488e+01 7.866603761990897503e+00 1.167672464581898062e+01 8.363178260299637401e+00
1.645759698076963673e+01 7.744605848176444596e+00 1.230415605968073045e+01 8.824479217160600797e+00
1.664754569648781057e+01 7.965628654872229930e+00 1.321719230393069111e+01 9.629311735419758378e+00
1.735124391464745486e+01 8.178659161337836991e+00 1.417515967750389194e+01 1.122155645243937094e+01
1.743573318290644281e+01 8.054889007182589822e+00 1.406628390064232903e+01 1.148723664956392376e+01
1.790900391542637138e+01 7.135652549847704584e+00 1.325555401140865719e+01 1.369980029886897199e+01
1.798121080803088034e+01 6.929494908253668761e+00 1.243058931920702470e+01 1.474848190204451726e+01
1.774962354777906626e+01 7.242809082461494796e+00 1.220086616103705701e+01 1.467490466547487138e+01
1.683890542513640298e+01 8.498078346326112253e+00 1.124194278062757846e+01 1.531748596630812465e+01
1.581461330037532598e+01 9.966927622391416719e+00 1.023832119588082001e+01 1.669406809910008604e+01
1.531094184675225023e+01 1.038640266313587368e+01 9.499935590882472525e+00 1.784708100485588389e+01
1.445210395433569417e+01 1.111250058090612391e+01 8.178447489883096111e+00 2.005174406018606703e+01
1.435269369530713846e+01 1.144712895293533528e+01 8.178658900837596946e+00 2.015726347105229621e+01
1.443402169748654629e+01 1.117336790215821374e+01 8.178485944537749575e+00 2.007093754291611276e+01
1.438034521604813776e+01 1.135405019567111395e+01 8.178600095695648164e+00 2.012791265548599284e+01
1.453628465646518819e+01 1.117939508098026025e+01 8.344311320135313181e+00 1.988100632832410852e+01
1.455019634745566925e+01 1.115929345404684803e+01 8.366445320929349450e+00 1.986449419996975863e+01
1.458794558303898548e+01 1.110767730584666779e+01 8.409857261026463249e+00 1.983143554630208882e+01
1.455022103649117859e+01 1.115925969567012643e+01 8.366473713528934653e+00 1.986447257870348082e+01
1.457511923721273028e+01 1.112521531838664401e+01 8.395106854877303348e+00 1.984266813731856161e+01
1.455023176683493880e+01 1.115924502361107074e+01 8.366486053514986310e+00 1.986446318167298131e+01
1.456665749728428239e+01 1.113678541816294931e+01 8.385375782414115520e+00 1.985007845239906388e+01
1.455023643436393144e+01 1.115923864149857181e+01 8.366491421212792545e+00 1.986445909411406774e+01
1.456107433589136235e+01 1.114441951409706100e+01 8.378955099605665424e+00 1.985496787058216484e+01
1.458822397730284948e+01 1.110173740907155526e+01 8.404012168144243233e+00 1.983842479075430987e+01
1.460105244239036359e+01 1.107886399070689087e+01 8.417000730093407768e+00 1.981810813136096527e+01
1.461182750454105062e+01 1.104915536867903647e+01 8.413654567347542468e+00 1.981336540664045387e+01
1.462325311259833427e+01 1.102852464405430588e+01 8.438187673482152817e+00 1.975664461420398155e+01
1.461629433392214139e+01 1.104108980871540702e+01 8.423245759233530805e+00 1.979119047285104216e+01
1.460991463924446876e+01 1.104968245467331123e+01 8.415164766959744469e+00 1.979806830649115668e+01
1.460899715642823615e+01 1.105100379807903010e+01 8.413997838163753684e+00 1.979900393109495127e+01
