8.000000000000000000e+02 1.353407159625256428e-01 9.763617219079765430e-01
8.100000000000000000e+02 1.399674588851717028e-01 9.745642300975791983e-01
8.200000000000000000e+02 1.444926376319715378e-01 9.731508223798154278e-01
8.300000000000000000e+02 1.491124495856185894e-01 9.716988829117221282e-01
8.400000000000000000e+02 1.537951058370910506e-01 9.701962335682922101e-01
8.500000000000000000e+02 1.585576728464921370e-01 9.686865446029100379e-01
8.600000000000000000e+02 1.634055661005862636e-01 9.672293375620776290e-01
8.700000000000000000e+02 1.683238397429792643e-01 9.658271194629737266e-01
8.800000000000000000e+02 1.732590970021234134e-01 9.636737068536833650e-01
8.900000000000000000e+02 1.782456204251388066e-01 9.618956725785401396e-01
9.000000000000000000e+02 1.833326659879194742e-01 9.600619415440103666e-01
9.100000000000000000e+02 1.884925374243918428e-01 9.582351841657368308e-01
9.200000000000000000e+02 1.937478183179154878e-01 9.564750466001189499e-01
9.300000000000000000e+02 1.990511993293098969e-01 9.542218171825543882e-01
9.400000000000000000e+02 2.043756783379289121e-01 9.521305168322035106e-01
9.500000000000000000e+02 2.098141177027610660e-01 9.499866463531965177e-01
9.600000000000000000e+02 2.152244961770768128e-01 9.478501672219559193e-01
9.700000000000000000e+02 2.209549978537100612e-01 9.458071354811713460e-01
9.800000000000000000e+02 2.265337813363979824e-01 9.431420772524171658e-01
9.900000000000000000e+02 2.323078022331299952e-01 9.407151382359261182e-01
1.000000000000000000e+03 2.381204821703206131e-01 9.382499129306006713e-01
1.010000000000000000e+03 2.440665764749958000e-01 9.358873343486160401e-01
1.020000000000000000e+03 2.500398652093879237e-01 9.329579751094109197e-01
1.030000000000000000e+03 2.560161943654439831e-01 9.301967221895330873e-01
1.040000000000000000e+03 2.622721254615311137e-01 9.274535195776966168e-01
1.050000000000000000e+03 2.685494917369844470e-01 9.244440944476945976e-01
1.060000000000000000e+03 2.748583833115254560e-01 9.213982554301793915e-01
1.070000000000000000e+03 2.813323815992315180e-01 9.183165369140147138e-01
1.080000000000000000e+03 2.879165699856901517e-01 9.150701637474178973e-01
1.090000000000000000e+03 2.945419130989892498e-01 9.117106715456573252e-01
1.100000000000000000e+03 3.013376865711492325e-01 9.083033462579434003e-01
1.110000000000000000e+03 3.082603482020503938e-01 9.047173792585929686e-01
1.120000000000000000e+03 3.151279693385498071e-01 9.010017141292869791e-01
1.130000000000000000e+03 3.224180526195039587e-01 8.972802071729227835e-01
1.140000000000000000e+03 3.297175883821878983e-01 8.932360018847628202e-01
1.150000000000000000e+03 3.370858001616989785e-01 8.891268556082565500e-01
1.160000000000000000e+03 3.447490292739012196e-01 8.848719246130437588e-01
1.170000000000000000e+03 3.524707608132068848e-01 8.804321186818018230e-01
1.180000000000000000e+03 3.604416604768992949e-01 8.760308914633136990e-01
1.190000000000000000e+03 3.685110171764505171e-01 8.710364810565371929e-01
1.200000000000000000e+03 3.768118840536431313e-01 8.662175557557811878e-01
1.210000000000000000e+03 3.852360837516718428e-01 8.608193852298546833e-01
1.220000000000000000e+03 3.941833593409666547e-01 8.556055757465896860e-01
1.230000000000000000e+03 4.031802994781724658e-01 8.496409358365768494e-01
1.240000000000000000e+03 4.125345151007268618e-01 8.436480543903221996e-01
1.250000000000000000e+03 4.221646262571211450e-01 8.373933818706496002e-01
1.260000000000000000e+03 4.321449409644050332e-01 8.306226172715068801e-01
1.270000000000000000e+03 4.425664047887551966e-01 8.235405488580224143e-01
1.280000000000000000e+03 4.534267466576191730e-01 8.161713681387211539e-01
1.290000000000000000e+03 4.647721054758565673e-01 8.079248339078209940e-01
1.300000000000000000e+03 4.767152967928130480e-01 7.991619195680421672e-01
1.310000000000000000e+03 4.895939491457562687e-01 7.896769846263239634e-01
1.320000000000000000e+03 5.032999084056116734e-01 7.792385039544245107e-01
1.330000000000000000e+03 5.182366112400847991e-01 7.676805654523457534e-01
1.340000000000000000e+03 5.348540806474506581e-01 7.542755020346977313e-01
1.350000000000000000e+03 5.538816935752403081e-01 7.385121813526794865e-01
1.360000000000000000e+03 5.770535924164015285e-01 7.184953770083706281e-01
1.370000000000000000e+03 6.115543805723409054e-01 6.877013694981483072e-01
1375 0.6499893 0.65317375
