1.370000000000000000e+03 6.877571993980384490e-02 5.406481110559703540e-02
1.380000000000000000e+03 1.050382992018925182e-01 7.803936108378209391e-02
1.390000000000000000e+03 1.354161730215848181e-01 9.624574952221372215e-02
1.400000000000000000e+03 1.636748261872833510e-01 1.120022403251686172e-01
1.410000000000000000e+03 1.896793234900956693e-01 1.254511354037103066e-01
1.420000000000000000e+03 2.152325304919347204e-01 1.379854943589904903e-01
1.430000000000000000e+03 2.396435139423442884e-01 1.491242238274821941e-01
1.440000000000000000e+03 2.636258706275299568e-01 1.594243498791955982e-01
1.450000000000000000e+03 2.871616990147174975e-01 1.689274232978426049e-01
1.460000000000000000e+03 3.105696195225020051e-01 1.777745629630547164e-01
1.470000000000000000e+03 3.339921317434262904e-01 1.860597261726795737e-01
1.480000000000000000e+03 3.575790479706985603e-01 1.939355123832205430e-01
1.490000000000000000e+03 3.816883889138469321e-01 2.013831640874892970e-01
1.500000000000000000e+03 4.060870496954461228e-01 2.084006051012226857e-01
1.510000000000000000e+03 4.308944473054960311e-01 2.149485665595027017e-01
1.520000000000000000e+03 4.569289795520041220e-01 2.214127670756396993e-01
1.530000000000000000e+03 4.836038365745095602e-01 2.274392499597528150e-01
1.540000000000000000e+03 5.111619851903855816e-01 2.332296968640988621e-01
1.550000000000000000e+03 5.397131905032527266e-01 2.387878159256759392e-01
1.560000000000000000e+03 5.683310509519493570e-01 2.441051384517190781e-01
1.570000000000000000e+03 5.967901713008461062e-01 2.492936530732078881e-01
1.580000000000000000e+03 6.230642122861553833e-01 2.542990254267625261e-01
1.590000000000000000e+03 6.468946762383949167e-01 2.592584609515136140e-01
1.600000000000000000e+03 6.671244712830403101e-01 2.641205244309767775e-01
1.610000000000000000e+03 6.845652475642513002e-01 2.689983568064160391e-01
1.620000000000000000e+03 6.991465365814283350e-01 2.738382758431174846e-01
1.630000000000000000e+03 7.118193783979435141e-01 2.787260079713511085e-01
1.640000000000000000e+03 7.226773977298304175e-01 2.836241228462546005e-01
1.650000000000000000e+03 7.323076276387201489e-01 2.885799442548447336e-01
1.660000000000000000e+03 7.407691926543804595e-01 2.935693330323676520e-01
1.670000000000000000e+03 7.484589234539549274e-01 2.986335657607537275e-01
1.680000000000000000e+03 7.554410583484290065e-01 3.037512236745561478e-01
1.690000000000000000e+03 7.617091424578075198e-01 3.089451360429603111e-01
1.700000000000000000e+03 7.675279153855469882e-01 3.141955532432796905e-01
1.710000000000000000e+03 7.729634047979850875e-01 3.195612963007639085e-01
1.720000000000000000e+03 7.779703997475697630e-01 3.249641235509561632e-01
1.730000000000000000e+03 7.827508452536917627e-01 3.305161797150459324e-01
1.740000000000000000e+03 7.872242950756707103e-01 3.360880113197873831e-01
1.750000000000000000e+03 7.914386967874381673e-01 3.418553641605167059e-01
1.760000000000000000e+03 7.955691353314466863e-01 3.476889443996599161e-01
1.770000000000000000e+03 7.992886281285092043e-01 3.536269990616425218e-01
1.780000000000000000e+03 8.029949635986489698e-01 3.597216671661081500e-01
1.790000000000000000e+03 8.065630964109861134e-01 3.658728734691472084e-01
1.800000000000000000e+03 8.099167480511907380e-01 3.722544544568824332e-01
1.810000000000000000e+03 8.132233832315602928e-01 3.787556327953135460e-01
1.820000000000000000e+03 8.164497499116027956e-01 3.853396435524442665e-01
1.830000000000000000e+03 8.194919175431517600e-01 3.922055451892149103e-01
1.840000000000000000e+03 8.225158509664958206e-01 3.992100135905913838e-01
1.850000000000000000e+03 8.255562471350758047e-01 4.063735705982771673e-01
1.860000000000000000e+03 8.283264980202598160e-01 4.137651304023260979e-01
1.870000000000000000e+03 8.311401427336535530e-01 4.213881131361641441e-01
1.880000000000000000e+03 8.339246231502573936e-01 4.292613196026249245e-01
1.890000000000000000e+03 8.366904382825927078e-01 4.373391967220150445e-01
1.900000000000000000e+03 8.392998646809860519e-01 4.456623913564047301e-01
1.910000000000000000e+03 8.419529689748180834e-01 4.543946744196292742e-01
1.920000000000000000e+03 8.446066101088103295e-01 4.634619713024296095e-01
1.930000000000000000e+03 8.472362940034541268e-01 4.728147132942450703e-01
1.940000000000000000e+03 8.497783985984207478e-01 4.825691732339977835e-01
1.950000000000000000e+03 8.523667442535830530e-01 4.927946330980500500e-01
1.960000000000000000e+03 8.549702725362936517e-01 5.035464379388630007e-01
1.970000000000000000e+03 8.575546870450518888e-01 5.147014319736883392e-01
1.980000000000000000e+03 8.601157829059109527e-01 5.264947440346293694e-01
1.990000000000000000e+03 8.627485663618094103e-01 5.390616527915321754e-01
2.000000000000000000e+03 8.655246337759568975e-01 5.523705425251602685e-01
2.010000000000000000e+03 8.680849571696962474e-01 5.663217534825573107e-01
2.020000000000000000e+03 8.708036186082018792e-01 5.813551028325576464e-01
2.030000000000000000e+03 8.736212700682759458e-01 5.974719279108894332e-01
2.040000000000000000e+03 8.765674207181346489e-01 6.146366722525736792e-01
2.050000000000000000e+03 8.794706333665299747e-01 6.329489778005935596e-01
2.060000000000000000e+03 8.826002491507933811e-01 6.526443338285906615e-01
2.070000000000000000e+03 8.859976474878947794e-01 6.735662742437422690e-01
2.080000000000000000e+03 8.893228223910545349e-01 6.951687720780015400e-01
2.090000000000000000e+03 8.930518668908499214e-01 7.178230912614413928e-01
2.100000000000000000e+03 8.970806422052748363e-01 7.406036508033528865e-01
2.110000000000000000e+03 9.012704053533387993e-01 7.630675653030584149e-01
2.120000000000000000e+03 9.060550911631912729e-01 7.854354286525121465e-01
2.130000000000000000e+03 9.108897693564140807e-01 8.065066711119460718e-01
2.140000000000000000e+03 9.164697418874379053e-01 8.272293361369698061e-01
2.150000000000000000e+03 9.221642266612479766e-01 8.466842212617036179e-01
2.160000000000000000e+03 9.284497721032988204e-01 8.654363818580508294e-01
2.170000000000000000e+03 9.356267423182800247e-01 8.839186954647697547e-01
2.180000000000000000e+03 9.426927180447631782e-01 9.012494000038543396e-01
2.190000000000000000e+03 9.504822898644020857e-01 9.180961028926448719e-01
2.200000000000000000e+03 9.588286225235765903e-01 9.344468665406283625e-01
2.210000000000000000e+03 9.682483742447794972e-01 9.513171883991954347e-01
